CTD_examples/skq202409s_009avg.cnv
* Sea-Bird SBE 9 Data File:
* FileName = D:\CTD\SKQ202409S\SKQ202409S_009.hex
* Software Version Seasave V 7.26.7.121
* Temperature SN = 6042
* Conductivity SN = 0501
* Number of Bytes Per Scan = 41
* Number of Voltage Words = 4
* Number of Scans Averaged by the Deck Unit = 1
* NMEA Latitude = 53 02.13 N
* NMEA Longitude = 163 32.31 W
* NMEA UTC (Time) = Jun 28 2024  15:34:45
* NMEA baud rate = 4800
** Ship: R/V Sikuliaq
** Station Number: 9
** Station Name: MESH-AF10
** Bottom Depth [m]: 6000
** Operator: SR
# nquan = 19
# nvalues = 5757                        
# units = specified
# name 0 = depSM: Depth [salt water, m]
# name 1 = latitude: Latitude [deg]
# name 2 = longitude: Longitude [deg]
# name 3 = prDM: Pressure, Digiquartz [db]
# name 4 = t090C: Temperature [ITS-90, deg C]
# name 5 = t190C: Temperature, 2 [ITS-90, deg C]
# name 6 = potemp090C: Potential Temperature [ITS-90, deg C]
# name 7 = sal00: Salinity, Practical [PSU]
# name 8 = sal11: Salinity, Practical, 2 [PSU]
# name 9 = density00: Density [density, kg/m^3]
# name 10 = sigma-é00: Density [sigma-theta, kg/m^3]
# name 11 = oxsolMm/Kg: Oxygen Saturation, Garcia & Gordon [umol/kg]
# name 12 = v0: Voltage 0
# name 13 = v1: Voltage 1
# name 14 = CStarAt0: Beam Attenuation, WET Labs C-Star [1/m]
# name 15 = scan: Scan Count
# name 16 = timeM: Time, Elapsed [minutes]
# name 17 = nbin: number of scans per bin
# name 18 = flag: flag
# span 0 =      2.973,   5632.609       
# span 1 =   53.03554,   53.03826       
# span 2 = -163.54058, -163.53710       
# span 3 =      3.000,   5759.000       
# span 4 =     1.4753,     7.5119       
# span 5 =     1.4763,     7.5142       
# span 6 =     1.0718,     7.5107       
# span 7 =    32.2961,    34.6953       
# span 8 =    32.2945,    34.6953       
# span 9 =  1025.2342,  1053.3323       
# span 10 =    25.2202,    27.7957      
# span 11 =  295.86817,  335.83918      
# span 12 =     0.0000,     0.0000      
# span 13 =     4.5444,     4.6713      
# span 14 =     0.0142,     0.1244      
# span 15 =         79,     158389      
# span 16 =     0.0543,   109.9917      
# span 17 =         12,       3904      
# span 18 = 0.0000e+00, 0.0000e+00      
# interval = decibars: 1                
# start_time = Jun 28 2024 15:37:10 [NMEA time, first data scan]
# bad_flag = -9.990e-29
*END*
[from data line 5639]
   5519.599   53.03816 -163.53737   5642.000     1.5901     1.5911     1.0719    34.6952    34.6952  1052.8467    27.7956  334.83671     0.0000     4.6362     0.0443     147431   102.3820         25 0.0000e+00
   5520.565   53.03816 -163.53736   5643.000     1.5902     1.5913     1.0719    34.6951    34.6951  1052.8508    27.7955  334.83571     0.0000     4.6371     0.0436     147456   102.3994         24 0.0000e+00
   5521.531   53.03816 -163.53736   5644.000     1.5904     1.5914     1.0719    34.6952    34.6951  1052.8550    27.7956  334.83406     0.0000     4.6370     0.0437     147480   102.4159         24 0.0000e+00
   5522.497   53.03816 -163.53736   5645.000     1.5905     1.5916     1.0719    34.6952    34.6951  1052.8591    27.7956  334.83299     0.0000     4.6373     0.0434     147502   102.4316         21 0.0000e+00
   5523.464   53.03816 -163.53737   5646.000     1.5907     1.5918     1.0719    34.6951    34.6951  1052.8632    27.7955  334.83177     0.0000     4.6361     0.0444     147524   102.4466         22 0.0000e+00
   5524.430   53.03816 -163.53738   5647.000     1.5909     1.5919     1.0720    34.6951    34.6950  1052.8673    27.7955  334.83048     0.0000     4.6362     0.0444     147546   102.4616         23 0.0000e+00
   5525.396   53.03816 -163.53738   5648.000     1.5910     1.5920     1.0719    34.6952    34.6951  1052.8716    27.7956  334.82941     0.0000     4.6369     0.0438     147568   102.4771         23 0.0000e+00
   5526.362   53.03816 -163.53738   5649.000     1.5911     1.5922     1.0719    34.6951    34.6950  1052.8757    27.7955  334.82857     0.0000     4.6356     0.0448     147592   102.4936         24 0.0000e+00
   5527.328   53.03816 -163.53737   5650.000     1.5912     1.5922     1.0719    34.6951    34.6952  1052.8799    27.7955  334.82746     0.0000     4.6366     0.0440     147617   102.5114         26 0.0000e+00
   5528.294   53.03816 -163.53736   5651.000     1.5913     1.5923     1.0719    34.6951    34.6951  1052.8841    27.7956  334.82667     0.0000     4.6361     0.0444     147644   102.5299         26 0.0000e+00
   5529.260   53.03816 -163.53736   5652.000     1.5915     1.5926     1.0719    34.6951    34.6951  1052.8882    27.7956  334.82527     0.0000     4.6360     0.0445     147670   102.5476         24 0.0000e+00
   5530.226   53.03816 -163.53736   5653.000     1.5916     1.5927     1.0719    34.6951    34.6951  1052.8924    27.7956  334.82385     0.0000     4.6361     0.0444     147694   102.5644         25 0.0000e+00
   5531.192   53.03816 -163.53736   5654.000     1.5918     1.5928     1.0720    34.6950    34.6951  1052.8964    27.7955  334.82272     0.0000     4.6368     0.0438     147717   102.5802         22 0.0000e+00
   5532.158   53.03816 -163.53736   5655.000     1.5919     1.5929     1.0720    34.6951    34.6951  1052.9006    27.7955  334.82124     0.0000     4.6352     0.0452     147739   102.5956         22 0.0000e+00
   5533.125   53.03816 -163.53736   5656.000     1.5920     1.5931     1.0720    34.6950    34.6951  1052.9047    27.7955  334.82035     0.0000     4.6358     0.0447     147761   102.6111         21 0.0000e+00
   5534.091   53.03816 -163.53736   5657.000     1.5922     1.5932     1.0719    34.6951    34.6952  1052.9090    27.7955  334.81913     0.0000     4.6361     0.0444     147784   102.6267         23 0.0000e+00
   5535.057   53.03816 -163.53736   5658.000     1.5923     1.5933     1.0719    34.6952    34.6951  1052.9132    27.7956  334.81815     0.0000     4.6358     0.0447     147806   102.6426         22 0.0000e+00
   5536.023   53.03816 -163.53736   5659.000     1.5924     1.5935     1.0719    34.6951    34.6952  1052.9173    27.7955  334.81695     0.0000     4.6361     0.0444     147830   102.6589         23 0.0000e+00
   5536.989   53.03818 -163.53736   5660.000     1.5926     1.5936     1.0719    34.6950    34.6951  1052.9214    27.7955  334.81592     0.0000     4.6350     0.0454     147853   102.6751         24 0.0000e+00
   5537.955   53.03818 -163.53736   5661.000     1.5927     1.5937     1.0719    34.6951    34.6952  1052.9256    27.7956  334.81509     0.0000     4.6358     0.0447     147877   102.6917         24 0.0000e+00
   5538.921   53.03818 -163.53736   5662.000     1.5928     1.5939     1.0719    34.6951    34.6951  1052.9298    27.7956  334.81378     0.0000     4.6359     0.0446     147901   102.7087         24 0.0000e+00
   5539.887   53.03818 -163.53736   5663.000     1.5929     1.5940     1.0719    34.6951    34.6951  1052.9339    27.7955  334.81283     0.0000     4.6358     0.0447     147926   102.7259         25 0.0000e+00
   5540.853   53.03818 -163.53736   5664.000     1.5930     1.5941     1.0719    34.6951    34.6951  1052.9381    27.7956  334.81170     0.0000     4.6345     0.0459     147951   102.7433         24 0.0000e+00
   5541.819   53.03818 -163.53736   5665.000     1.5932     1.5942     1.0719    34.6952    34.6952  1052.9423    27.7956  334.81006     0.0000     4.6348     0.0455     147975   102.7600         24 0.0000e+00
   5542.785   53.03818 -163.53736   5666.000     1.5933     1.5944     1.0719    34.6952    34.6952  1052.9464    27.7956  334.80919     0.0000     4.6353     0.0451     147998   102.7759         23 0.0000e+00
   5543.751   53.03818 -163.53736   5667.000     1.5935     1.5945     1.0719    34.6952    34.6952  1052.9506    27.7956  334.80763     0.0000     4.6357     0.0448     148021   102.7915         22 0.0000e+00
   5544.717   53.03818 -163.53736   5668.000     1.5937     1.5947     1.0720    34.6951    34.6952  1052.9547    27.7955  334.80615     0.0000     4.6352     0.0452     148043   102.8068         21 0.0000e+00
   5545.683   53.03818 -163.53736   5669.000     1.5938     1.5948     1.0719    34.6951    34.6952  1052.9588    27.7955  334.80546     0.0000     4.6366     0.0440     148065   102.8221         23 0.0000e+00
   5546.649   53.03818 -163.53736   5670.000     1.5939     1.5949     1.0719    34.6950    34.6952  1052.9629    27.7955  334.80454     0.0000     4.6352     0.0452     148088   102.8379         22 0.0000e+00
   5547.615   53.03818 -163.53736   5671.000     1.5940     1.5950     1.0719    34.6952    34.6952  1052.9672    27.7956  334.80349     0.0000     4.6369     0.0438     148111   102.8542         23 0.0000e+00
   5548.581   53.03818 -163.53736   5672.000     1.5941     1.5953     1.0719    34.6952    34.6951  1052.9714    27.7957  334.80238     0.0000     4.6356     0.0449     148136   102.8713         25 0.0000e+00
   5549.547   53.03818 -163.53734   5673.000     1.5943     1.5954     1.0719    34.6952    34.6950  1052.9755    27.7956  334.80120     0.0000     4.6371     0.0436     148161   102.8891         26 0.0000e+00
   5550.513   53.03818 -163.53734   5674.000     1.5945     1.5955     1.0720    34.6951    34.6951  1052.9796    27.7956  334.79962     0.0000     4.6354     0.0451     148187   102.9067         24 0.0000e+00
   5551.480   53.03818 -163.53734   5675.000     1.5946     1.5957     1.0719    34.6952    34.6951  1052.9838    27.7956  334.79848     0.0000     4.6371     0.0436     148211   102.9235         24 0.0000e+00
   5552.445   53.03818 -163.53734   5676.000     1.5947     1.5958     1.0719    34.6951    34.6952  1052.9879    27.7956  334.79768     0.0000     4.6363     0.0442     148234   102.9395         21 0.0000e+00
   5553.411   53.03818 -163.53734   5677.000     1.5949     1.5959     1.0719    34.6951    34.6952  1052.9920    27.7955  334.79624     0.0000     4.6370     0.0437     148256   102.9550         22 0.0000e+00
   5554.377   53.03818 -163.53734   5678.000     1.5950     1.5961     1.0719    34.6952    34.6952  1052.9963    27.7956  334.79493     0.0000     4.6367     0.0439     148278   102.9703         20 0.0000e+00
   5555.343   53.03818 -163.53735   5679.000     1.5951     1.5962     1.0719    34.6952    34.6952  1053.0004    27.7956  334.79409     0.0000     4.6361     0.0444     148301   102.9860         24 0.0000e+00
   5556.309   53.03818 -163.53735   5680.000     1.5952     1.5963     1.0719    34.6952    34.6953  1053.0046    27.7956  334.79300     0.0000     4.6351     0.0453     148324   103.0023         23 0.0000e+00
   5557.275   53.03818 -163.53734   5681.000     1.5954     1.5964     1.0719    34.6952    34.6952  1053.0088    27.7956  334.79190     0.0000     4.6349     0.0455     148349   103.0193         24 0.0000e+00
   5558.241   53.03818 -163.53733   5682.000     1.5955     1.5966     1.0719    34.6951    34.6951  1053.0129    27.7956  334.79072     0.0000     4.6359     0.0446     148374   103.0368         26 0.0000e+00
   5559.207   53.03818 -163.53732   5683.000     1.5956     1.5967     1.0719    34.6951    34.6951  1053.0170    27.7956  334.78966     0.0000     4.6349     0.0454     148399   103.0540         24 0.0000e+00
   5560.173   53.03818 -163.53732   5684.000     1.5958     1.5969     1.0719    34.6952    34.6952  1053.0212    27.7956  334.78828     0.0000     4.6349     0.0455     148423   103.0710         22 0.0000e+00
   5561.139   53.03818 -163.53733   5685.000     1.5959     1.5969     1.0719    34.6952    34.6953  1053.0254    27.7956  334.78691     0.0000     4.6116     0.0657     148446   103.0871         24 0.0000e+00
   5562.105   53.03818 -163.53734   5686.000     1.5961     1.5972     1.0720    34.6951    34.6951  1053.0294    27.7955  334.78582     0.0000     4.6313     0.0486     148469   103.1028         23 0.0000e+00
   5563.071   53.03818 -163.53734   5687.000     1.5962     1.5972     1.0719    34.6952    34.6952  1053.0336    27.7956  334.78493     0.0000     4.6360     0.0445     148492   103.1185         23 0.0000e+00
   5564.037   53.03818 -163.53734   5688.000     1.5963     1.5973     1.0719    34.6952    34.6953  1053.0378    27.7956  334.78358     0.0000     4.6353     0.0452     148515   103.1346         23 0.0000e+00
   5565.003   53.03818 -163.53733   5689.000     1.5964     1.5975     1.0719    34.6952    34.6952  1053.0420    27.7956  334.78269     0.0000     4.6358     0.0447     148539   103.1515         25 0.0000e+00
   5565.969   53.03818 -163.53732   5690.000     1.5966     1.5977     1.0719    34.6952    34.6952  1053.0461    27.7956  334.78129     0.0000     4.6357     0.0448     148564   103.1689         25 0.0000e+00
   5566.935   53.03818 -163.53732   5691.000     1.5968     1.5978     1.0720    34.6951    34.6952  1053.0502    27.7956  334.78010     0.0000     4.6361     0.0444     148589   103.1858         24 0.0000e+00
   5567.901   53.03818 -163.53732   5692.000     1.5969     1.5979     1.0719    34.6951    34.6952  1053.0544    27.7956  334.77901     0.0000     4.6349     0.0455     148612   103.2021         23 0.0000e+00
   5568.867   53.03818 -163.53732   5693.000     1.5971     1.5980     1.0720    34.6951    34.6953  1053.0585    27.7955  334.77775     0.0000     4.6351     0.0453     148635   103.2179         22 0.0000e+00
   5569.833   53.03818 -163.53732   5694.000     1.5972     1.5982     1.0719    34.6952    34.6953  1053.0627    27.7956  334.77657     0.0000     4.6360     0.0445     148657   103.2334         22 0.0000e+00
   5570.798   53.03818 -163.53732   5695.000     1.5973     1.5983     1.0719    34.6953    34.6952  1053.0670    27.7957  334.77589     0.0000     4.6341     0.0462     148680   103.2493         23 0.0000e+00
   5571.764   53.03818 -163.53732   5696.000     1.5974     1.5984     1.0719    34.6953    34.6952  1053.0711    27.7957  334.77449     0.0000     4.6331     0.0470     148704   103.2660         25 0.0000e+00
   5572.730   53.03818 -163.53732   5697.000     1.5975     1.5987     1.0719    34.6953    34.6951  1053.0753    27.7957  334.77341     0.0000     4.6358     0.0446     148729   103.2835         25 0.0000e+00
   5573.696   53.03819 -163.53731   5698.000     1.5977     1.5987     1.0719    34.6953    34.6953  1053.0794    27.7957  334.77214     0.0000     4.6351     0.0453     148755   103.3015         26 0.0000e+00
   5574.662   53.03820 -163.53730   5699.000     1.5978     1.5988     1.0719    34.6952    34.6952  1053.0835    27.7956  334.77095     0.0000     4.6357     0.0448     148781   103.3191         25 0.0000e+00
   5575.628   53.03820 -163.53730   5700.000     1.5980     1.5990     1.0719    34.6951    34.6953  1053.0876    27.7956  334.76978     0.0000     4.6353     0.0451     148804   103.3354         22 0.0000e+00
   5576.594   53.03820 -163.53730   5701.000     1.5981     1.5992     1.0719    34.6952    34.6951  1053.0918    27.7956  334.76856     0.0000     4.6350     0.0454     148826   103.3508         21 0.0000e+00
   5577.560   53.03819 -163.53731   5702.000     1.5982     1.5993     1.0719    34.6952    34.6952  1053.0960    27.7957  334.76745     0.0000     4.6357     0.0448     148848   103.3660         22 0.0000e+00
   5578.526   53.03818 -163.53732   5703.000     1.5983     1.5994     1.0719    34.6953    34.6953  1053.1002    27.7957  334.76651     0.0000     4.6360     0.0445     148870   103.3814         22 0.0000e+00
   5579.492   53.03818 -163.53732   5704.000     1.5985     1.5996     1.0719    34.6953    34.6951  1053.1043    27.7957  334.76533     0.0000     4.6362     0.0444     148893   103.3976         25 0.0000e+00
   5580.458   53.03819 -163.53731   5705.000     1.5987     1.5997     1.0719    34.6951    34.6951  1053.1083    27.7956  334.76422     0.0000     4.6361     0.0444     148918   103.4144         24 0.0000e+00
   5581.423   53.03820 -163.53730   5706.000     1.5988     1.5998     1.0719    34.6952    34.6952  1053.1125    27.7956  334.76287     0.0000     4.6361     0.0444     148943   103.4318         26 0.0000e+00
   5582.389   53.03820 -163.53730   5707.000     1.5990     1.5999     1.0720    34.6952    34.6953  1053.1167    27.7956  334.76143     0.0000     4.6351     0.0453     148968   103.4491         23 0.0000e+00
   5583.355   53.03820 -163.53730   5708.000     1.5991     1.6001     1.0720    34.6953    34.6951  1053.1209    27.7957  334.76008     0.0000     4.6357     0.0448     148992   103.4661         23 0.0000e+00
   5584.321   53.03820 -163.53730   5709.000     1.5992     1.6003     1.0719    34.6951    34.6953  1053.1249    27.7955  334.75964     0.0000     4.6350     0.0454     149016   103.4825         23 0.0000e+00
   5585.287   53.03820 -163.53730   5710.000     1.5993     1.6004     1.0719    34.6952    34.6953  1053.1292    27.7956  334.75826     0.0000     4.6361     0.0444     149039   103.4984         22 0.0000e+00
   5586.253   53.03820 -163.53730   5711.000     1.5995     1.6006     1.0719    34.6952    34.6952  1053.1333    27.7956  334.75700     0.0000     4.6356     0.0449     149061   103.5141         21 0.0000e+00
   5587.218   53.03820 -163.53730   5712.000     1.5996     1.6007     1.0719    34.6952    34.6953  1053.1375    27.7956  334.75583     0.0000     4.6361     0.0444     149084   103.5295         23 0.0000e+00
   5588.185   53.03820 -163.53730   5713.000     1.5997     1.6009     1.0719    34.6953    34.6952  1053.1416    27.7956  334.75459     0.0000     4.6351     0.0452     149107   103.5455         23 0.0000e+00
   5589.150   53.03820 -163.53730   5714.000     1.5998     1.6009     1.0719    34.6952    34.6953  1053.1457    27.7956  334.75409     0.0000     4.6346     0.0457     149130   103.5618         23 0.0000e+00
   5590.116   53.03820 -163.53730   5715.000     1.6000     1.6010     1.0719    34.6953    34.6952  1053.1500    27.7957  334.75235     0.0000     4.6358     0.0446     149155   103.5789         26 0.0000e+00
   5591.082   53.03820 -163.53730   5716.000     1.6001     1.6012     1.0719    34.6952    34.6952  1053.1540    27.7956  334.75151     0.0000     4.6349     0.0455     149180   103.5967         26 0.0000e+00
