CTD_examples/skq202409s_009avg.cnv
* Sea-Bird SBE 9 Data File:
* FileName = D:\CTD\SKQ202409S\SKQ202409S_009.hex
* Software Version Seasave V 7.26.7.121
* Temperature SN = 6042
* Conductivity SN = 0501
* Number of Bytes Per Scan = 41
* Number of Voltage Words = 4
* Number of Scans Averaged by the Deck Unit = 1
* NMEA Latitude = 53 02.13 N
* NMEA Longitude = 163 32.31 W
* NMEA UTC (Time) = Jun 28 2024  15:34:45
* NMEA baud rate = 4800
** Ship: R/V Sikuliaq
** Station Number: 9
** Station Name: MESH-AF10
** Bottom Depth [m]: 6000
** Operator: SR
# nquan = 19
# nvalues = 5757                        
# units = specified
# name 0 = depSM: Depth [salt water, m]
# name 1 = latitude: Latitude [deg]
# name 2 = longitude: Longitude [deg]
# name 3 = prDM: Pressure, Digiquartz [db]
# name 4 = t090C: Temperature [ITS-90, deg C]
# name 5 = t190C: Temperature, 2 [ITS-90, deg C]
# name 6 = potemp090C: Potential Temperature [ITS-90, deg C]
# name 7 = sal00: Salinity, Practical [PSU]
# name 8 = sal11: Salinity, Practical, 2 [PSU]
# name 9 = density00: Density [density, kg/m^3]
# name 10 = sigma-é00: Density [sigma-theta, kg/m^3]
# name 11 = oxsolMm/Kg: Oxygen Saturation, Garcia & Gordon [umol/kg]
# name 12 = v0: Voltage 0
# name 13 = v1: Voltage 1
# name 14 = CStarAt0: Beam Attenuation, WET Labs C-Star [1/m]
# name 15 = scan: Scan Count
# name 16 = timeM: Time, Elapsed [minutes]
# name 17 = nbin: number of scans per bin
# name 18 = flag: flag
# span 0 =      2.973,   5632.609       
# span 1 =   53.03554,   53.03826       
# span 2 = -163.54058, -163.53710       
# span 3 =      3.000,   5759.000       
# span 4 =     1.4753,     7.5119       
# span 5 =     1.4763,     7.5142       
# span 6 =     1.0718,     7.5107       
# span 7 =    32.2961,    34.6953       
# span 8 =    32.2945,    34.6953       
# span 9 =  1025.2342,  1053.3323       
# span 10 =    25.2202,    27.7957      
# span 11 =  295.86817,  335.83918      
# span 12 =     0.0000,     0.0000      
# span 13 =     4.5444,     4.6713      
# span 14 =     0.0142,     0.1244      
# span 15 =         79,     158389      
# span 16 =     0.0543,   109.9917      
# span 17 =         12,       3904      
# span 18 = 0.0000e+00, 0.0000e+00      
# interval = decibars: 1                
# start_time = Jun 28 2024 15:37:10 [NMEA time, first data scan]
# bad_flag = -9.990e-29
*END*
[from data line 5715]
   5593.014   53.03820 -163.53728   5718.000     1.6004     1.6015     1.0719    34.6952    34.6951  1053.1623    27.7956  334.74947     0.0000     4.6354     0.0450     149234   103.6340         27 0.0000e+00
   5593.979   53.03820 -163.53728   5719.000     1.6006     1.6016     1.0719    34.6952    34.6952  1053.1665    27.7956  334.74791     0.0000     4.6365     0.0441     149262   103.6534         28 0.0000e+00
   5594.945   53.03820 -163.53730   5720.000     1.6007     1.6017     1.0719    34.6952    34.6952  1053.1706    27.7956  334.74687     0.0000     4.6368     0.0439     149292   103.6740         31 0.0000e+00
   5595.911   53.03820 -163.53730   5721.000     1.6008     1.6018     1.0719    34.6951    34.6952  1053.1747    27.7955  334.74620     0.0000     4.6369     0.0438     149324   103.6966         34 0.0000e+00
   5596.877   53.03820 -163.53730   5722.000     1.6009     1.6021     1.0719    34.6951    34.6951  1053.1789    27.7956  334.74492     0.0000     4.6360     0.0445     149362   103.7228         40 0.0000e+00
   5597.843   53.03820 -163.53729   5723.000     1.6011     1.6022     1.0719    34.6952    34.6949  1053.1831    27.7956  334.74369     0.0000     4.6364     0.0442     149406   103.7536         50 0.0000e+00
   5598.808   53.03820 -163.53728   5724.000     1.6013     1.6025     1.0719    34.6951    34.6948  1053.1871    27.7955  334.74236     0.0000     4.6359     0.0447     149470   103.7979         76 0.0000e+00
   5599.774   53.03820 -163.53728   5725.000     1.6014     1.6026     1.0719    34.6951    34.6949  1053.1913    27.7955  334.74124     0.0000     4.6363     0.0442     149546   103.8504         69 0.0000e+00
   5600.740   53.03820 -163.53728   5726.000     1.6015     1.6029     1.0720    34.6951    34.6948  1053.1954    27.7955  334.73980     0.0000     4.6373     0.0435     149687   103.9487        204 0.0000e+00
   5601.706   53.03822 -163.53714   5727.000     1.6017     1.6030     1.0719    34.6951    34.6948  1053.1996    27.7955  334.73880     0.0000     4.6369     0.0438     152705   106.0447        358 0.0000e+00
   5602.672   53.03822 -163.53713   5728.000     1.6018     1.6031     1.0720    34.6951    34.6949  1053.2038    27.7955  334.73748     0.0000     4.6376     0.0432     153335   106.4817         76 0.0000e+00
   5603.637   53.03822 -163.53713   5729.000     1.6020     1.6031     1.0720    34.6951    34.6950  1053.2079    27.7955  334.73646     0.0000     4.6380     0.0429     153282   106.4451         45 0.0000e+00
   5604.603   53.03822 -163.53714   5730.000     1.6021     1.6032     1.0719    34.6951    34.6950  1053.2121    27.7956  334.73530     0.0000     4.6373     0.0435     153328   106.4768         49 0.0000e+00
   5605.569   53.03822 -163.53712   5731.000     1.6022     1.6035     1.0720    34.6951    34.6948  1053.2162    27.7955  334.73400     0.0000     4.6377     0.0431     153386   106.5171         63 0.0000e+00
   5606.535   53.03822 -163.53712   5732.000     1.6024     1.6035     1.0720    34.6951    34.6950  1053.2203    27.7955  334.73302     0.0000     4.6379     0.0430     153444   106.5574         46 0.0000e+00
   5607.501   53.03822 -163.53712   5733.000     1.6025     1.6036     1.0719    34.6951    34.6951  1053.2245    27.7955  334.73194     0.0000     4.6373     0.0435     153487   106.5878         41 0.0000e+00
   5608.466   53.03822 -163.53712   5734.000     1.6026     1.6037     1.0719    34.6952    34.6950  1053.2287    27.7956  334.73074     0.0000     4.6377     0.0431     153529   106.6165         43 0.0000e+00
   5609.432   53.03822 -163.53712   5735.000     1.6027     1.6039     1.0719    34.6952    34.6950  1053.2329    27.7956  334.72986     0.0000     4.6367     0.0439     153573   106.6471         46 0.0000e+00
   5610.398   53.03822 -163.53712   5736.000     1.6029     1.6041     1.0719    34.6951    34.6949  1053.2370    27.7955  334.72871     0.0000     4.6381     0.0428     153621   106.6808         50 0.0000e+00
   5611.364   53.03822 -163.53712   5737.000     1.6030     1.6042     1.0719    34.6952    34.6950  1053.2412    27.7956  334.72730     0.0000     4.6380     0.0428     153670   106.7146         46 0.0000e+00
   5612.329   53.03822 -163.53712   5738.000     1.6032     1.6042     1.0720    34.6951    34.6951  1053.2452    27.7955  334.72610     0.0000     4.6374     0.0434     153714   106.7452         41 0.0000e+00
   5613.295   53.03822 -163.53712   5739.000     1.6033     1.6044     1.0719    34.6951    34.6950  1053.2494    27.7955  334.72509     0.0000     4.6371     0.0436     153756   106.7744         42 0.0000e+00
   5614.261   53.03822 -163.53712   5740.000     1.6034     1.6045     1.0719    34.6951    34.6950  1053.2535    27.7955  334.72427     0.0000     4.6373     0.0435     153800   106.8049         44 0.0000e+00
   5615.227   53.03822 -163.53711   5741.000     1.6035     1.6047     1.0719    34.6952    34.6950  1053.2577    27.7956  334.72271     0.0000     4.6366     0.0440     153846   106.8367         46 0.0000e+00
   5616.192   53.03822 -163.53710   5742.000     1.6037     1.6049     1.0719    34.6951    34.6950  1053.2619    27.7956  334.72141     0.0000     4.6379     0.0430     153889   106.8669         41 0.0000e+00
   5617.158   53.03822 -163.53712   5743.000     1.6038     1.6050     1.0720    34.6951    34.6950  1053.2660    27.7956  334.72033     0.0000     4.6383     0.0426     153930   106.8952         41 0.0000e+00
   5618.124   53.03822 -163.53712   5744.000     1.6040     1.6052     1.0720    34.6951    34.6950  1053.2701    27.7955  334.71913     0.0000     4.6368     0.0438     153973   106.9250         45 0.0000e+00
   5619.089   53.03822 -163.53711   5745.000     1.6041     1.6053     1.0719    34.6952    34.6949  1053.2743    27.7956  334.71793     0.0000     4.6387     0.0422     154022   106.9591         52 0.0000e+00
   5620.055   53.03822 -163.53710   5746.000     1.6042     1.6054     1.0719    34.6951    34.6949  1053.2784    27.7955  334.71697     0.0000     4.6386     0.0423     154071   106.9927         43 0.0000e+00
   5621.021   53.03822 -163.53710   5747.000     1.6044     1.6054     1.0719    34.6952    34.6951  1053.2826    27.7956  334.71565     0.0000     4.6379     0.0430     154112   107.0217         39 0.0000e+00
   5621.986   53.03822 -163.53711   5748.000     1.6045     1.6057     1.0719    34.6951    34.6950  1053.2867    27.7956  334.71487     0.0000     4.6367     0.0439     154151   107.0488         39 0.0000e+00
   5622.952   53.03822 -163.53712   5749.000     1.6046     1.6058     1.0719    34.6951    34.6951  1053.2909    27.7956  334.71368     0.0000     4.6374     0.0434     154192   107.0768         42 0.0000e+00
   5623.918   53.03823 -163.53710   5750.000     1.6048     1.6060     1.0719    34.6951    34.6949  1053.2950    27.7956  334.71237     0.0000     4.6383     0.0426     154239   107.1100         52 0.0000e+00
   5624.884   53.03824 -163.53710   5751.000     1.6049     1.6061     1.0719    34.6951    34.6950  1053.2991    27.7955  334.71131     0.0000     4.6377     0.0431     154289   107.1446         45 0.0000e+00
   5625.849   53.03824 -163.53710   5752.000     1.6051     1.6061     1.0720    34.6951    34.6950  1053.3033    27.7956  334.70981     0.0000     4.6381     0.0427     154330   107.1731         38 0.0000e+00
   5626.815   53.03822 -163.53710   5753.000     1.6052     1.6063     1.0719    34.6951    34.6950  1053.3074    27.7955  334.70897     0.0000     4.6390     0.0419     154366   107.1982         35 0.0000e+00
   5627.781   53.03822 -163.53711   5754.000     1.6053     1.6065     1.0719    34.6951    34.6950  1053.3116    27.7956  334.70817     0.0000     4.6390     0.0420     154405   107.2251         43 0.0000e+00
   5628.746   53.03822 -163.53710   5755.000     1.6054     1.6066     1.0719    34.6951    34.6949  1053.3158    27.7956  334.70682     0.0000     4.6368     0.0439     154451   107.2571         47 0.0000e+00
   5629.712   53.03824 -163.53710   5756.000     1.6056     1.6068     1.0719    34.6952    34.6949  1053.3200    27.7956  334.70517     0.0000     4.6377     0.0431     154498   107.2897         44 0.0000e+00
   5630.678   53.03824 -163.53710   5757.000     1.6058     1.6069     1.0719    34.6951    34.6949  1053.3240    27.7955  334.70434     0.0000     4.6380     0.0429     154542   107.3200         45 0.0000e+00
   5631.643   53.03823 -163.53710   5758.000     1.6059     1.6071     1.0719    34.6951    34.6948  1053.3282    27.7956  334.70315     0.0000     4.6379     0.0429     154628   107.3801        147 0.0000e+00
   5632.609   53.03826 -163.53710   5759.000     1.6061     1.6074     1.0721    34.6951    34.6948  1053.3323    27.7955  334.70083     0.0000     4.6393     0.0417     158389   109.9917       3904 0.0000e+00
