CTD_examples/skq202409s_009avg.cnv
* Sea-Bird SBE 9 Data File:
* FileName = D:\CTD\SKQ202409S\SKQ202409S_009.hex
* Software Version Seasave V 7.26.7.121
* Temperature SN = 6042
* Conductivity SN = 0501
* Number of Bytes Per Scan = 41
* Number of Voltage Words = 4
* Number of Scans Averaged by the Deck Unit = 1
* NMEA Latitude = 53 02.13 N
* NMEA Longitude = 163 32.31 W
* NMEA UTC (Time) = Jun 28 2024  15:34:45
* NMEA baud rate = 4800
** Ship: R/V Sikuliaq
** Station Number: 9
** Station Name: MESH-AF10
** Bottom Depth [m]: 6000
** Operator: SR
# nquan = 19
# nvalues = 5757                        
# units = specified
# name 0 = depSM: Depth [salt water, m]
# name 1 = latitude: Latitude [deg]
# name 2 = longitude: Longitude [deg]
# name 3 = prDM: Pressure, Digiquartz [db]
# name 4 = t090C: Temperature [ITS-90, deg C]
# name 5 = t190C: Temperature, 2 [ITS-90, deg C]
# name 6 = potemp090C: Potential Temperature [ITS-90, deg C]
# name 7 = sal00: Salinity, Practical [PSU]
# name 8 = sal11: Salinity, Practical, 2 [PSU]
# name 9 = density00: Density [density, kg/m^3]
# name 10 = sigma-é00: Density [sigma-theta, kg/m^3]
# name 11 = oxsolMm/Kg: Oxygen Saturation, Garcia & Gordon [umol/kg]
# name 12 = v0: Voltage 0
# name 13 = v1: Voltage 1
# name 14 = CStarAt0: Beam Attenuation, WET Labs C-Star [1/m]
# name 15 = scan: Scan Count
# name 16 = timeM: Time, Elapsed [minutes]
# name 17 = nbin: number of scans per bin
# name 18 = flag: flag
# span 0 =      2.973,   5632.609       
# span 1 =   53.03554,   53.03826       
# span 2 = -163.54058, -163.53710       
# span 3 =      3.000,   5759.000       
# span 4 =     1.4753,     7.5119       
# span 5 =     1.4763,     7.5142       
# span 6 =     1.0718,     7.5107       
# span 7 =    32.2961,    34.6953       
# span 8 =    32.2945,    34.6953       
# span 9 =  1025.2342,  1053.3323       
# span 10 =    25.2202,    27.7957      
# span 11 =  295.86817,  335.83918      
# span 12 =     0.0000,     0.0000      
# span 13 =     4.5444,     4.6713      
# span 14 =     0.0142,     0.1244      
# span 15 =         79,     158389      
# span 16 =     0.0543,   109.9917      
# span 17 =         12,       3904      
# span 18 = 0.0000e+00, 0.0000e+00      
# interval = decibars: 1                
# start_time = Jun 28 2024 15:37:10 [NMEA time, first data scan]
# bad_flag = -9.990e-29
*END*
[from data line 2286]
   2256.437   53.03570 -163.53942   2289.000     1.7613     1.7623     1.6042    34.6202    34.6216  1038.2215    27.6977  333.59502     0.0000     4.6679     0.0171      60804    42.2241         24 0.0000e+00
   2257.417   53.03570 -163.53942   2290.000     1.7613     1.7623     1.6040    34.6202    34.6216  1038.2260    27.6978  333.59534     0.0000     4.6679     0.0171      60827    42.2405         24 0.0000e+00
   2258.398   53.03570 -163.53942   2291.000     1.7606     1.7616     1.6033    34.6203    34.6216  1038.2307    27.6979  333.60064     0.0000     4.6679     0.0171      60852    42.2574         22 0.0000e+00
   2259.378   53.03570 -163.53942   2292.000     1.7603     1.7612     1.6029    34.6205    34.6218  1038.2353    27.6980  333.60309     0.0000     4.6679     0.0171      60877    42.2747         27 0.0000e+00
   2260.359   53.03570 -163.53942   2293.000     1.7599     1.7609     1.6025    34.6204    34.6218  1038.2398    27.6980  333.60610     0.0000     4.6679     0.0171      60902    42.2924         24 0.0000e+00
   2261.339   53.03570 -163.53942   2294.000     1.7592     1.7602     1.6016    34.6207    34.6220  1038.2446    27.6983  333.61174     0.0000     4.6679     0.0171      60927    42.3096         24 0.0000e+00
   2262.320   53.03570 -163.53942   2295.000     1.7581     1.7592     1.6005    34.6208    34.6222  1038.2493    27.6985  333.62035     0.0000     4.6679     0.0171      60951    42.3263         26 0.0000e+00
   2263.300   53.03570 -163.53942   2296.000     1.7570     1.7580     1.5993    34.6211    34.6223  1038.2542    27.6988  333.62892     0.0000     4.6679     0.0171      60974    42.3426         22 0.0000e+00
   2264.281   53.03570 -163.53942   2297.000     1.7563     1.7574     1.5986    34.6212    34.6224  1038.2589    27.6989  333.63423     0.0000     4.6679     0.0171      60998    42.3591         24 0.0000e+00
   2265.261   53.03570 -163.53942   2298.000     1.7556     1.7567     1.5979    34.6212    34.6226  1038.2634    27.6990  333.63991     0.0000     4.6679     0.0171      61022    42.3757         23 0.0000e+00
   2266.242   53.03570 -163.53942   2299.000     1.7556     1.7567     1.5977    34.6214    34.6225  1038.2681    27.6991  333.64014     0.0000     4.6678     0.0171      61046    42.3925         24 0.0000e+00
   2267.222   53.03570 -163.53942   2300.000     1.7553     1.7564     1.5973    34.6213    34.6226  1038.2726    27.6991  333.64244     0.0000     4.6679     0.0171      61070    42.4093         26 0.0000e+00
   2268.203   53.03570 -163.53942   2301.000     1.7553     1.7562     1.5972    34.6212    34.6227  1038.2770    27.6991  333.64313     0.0000     4.6679     0.0171      61095    42.4262         23 0.0000e+00
   2269.183   53.03570 -163.53942   2302.000     1.7550     1.7561     1.5969    34.6214    34.6226  1038.2817    27.6992  333.64487     0.0000     4.6679     0.0171      61119    42.4430         25 0.0000e+00
   2270.164   53.03570 -163.53942   2303.000     1.7548     1.7558     1.5966    34.6215    34.6228  1038.2863    27.6993  333.64640     0.0000     4.6679     0.0171      61144    42.4601         24 0.0000e+00
   2271.144   53.03570 -163.53942   2304.000     1.7547     1.7557     1.5964    34.6214    34.6228  1038.2907    27.6993  333.64748     0.0000     4.6679     0.0171      61168    42.4772         25 0.0000e+00
   2272.124   53.03570 -163.53942   2305.000     1.7544     1.7555     1.5960    34.6215    34.6228  1038.2953    27.6993  333.64962     0.0000     4.6679     0.0171      61193    42.4944         25 0.0000e+00
   2273.105   53.03570 -163.53942   2306.000     1.7540     1.7549     1.5955    34.6216    34.6230  1038.3000    27.6995  333.65279     0.0000     4.6679     0.0171      61217    42.5114         23 0.0000e+00
   2274.085   53.03570 -163.53944   2307.000     1.7539     1.7549     1.5954    34.6216    34.6229  1038.3044    27.6995  333.65333     0.0000     4.6679     0.0171      61242    42.5281         25 0.0000e+00
   2275.066   53.03570 -163.53944   2308.000     1.7536     1.7547     1.5950    34.6216    34.6229  1038.3090    27.6995  333.65585     0.0000     4.6679     0.0171      61265    42.5448         24 0.0000e+00
   2276.046   53.03570 -163.53944   2309.000     1.7531     1.7542     1.5944    34.6218    34.6231  1038.3136    27.6997  333.65938     0.0000     4.6678     0.0171      61289    42.5611         23 0.0000e+00
   2277.027   53.03570 -163.53944   2310.000     1.7528     1.7538     1.5940    34.6219    34.6232  1038.3182    27.6998  333.66181     0.0000     4.6679     0.0171      61313    42.5776         25 0.0000e+00
   2278.007   53.03570 -163.53944   2311.000     1.7522     1.7533     1.5933    34.6217    34.6231  1038.3227    27.6998  333.66739     0.0000     4.6678     0.0172      61337    42.5944         24 0.0000e+00
   2278.987   53.03570 -163.53944   2312.000     1.7515     1.7526     1.5925    34.6219    34.6233  1038.3274    27.6999  333.67298     0.0000     4.6679     0.0171      61362    42.6117         24 0.0000e+00
   2279.968   53.03570 -163.53944   2313.000     1.7510     1.7520     1.5920    34.6220    34.6233  1038.3320    27.7000  333.67690     0.0000     4.6679     0.0171      61387    42.6289         25 0.0000e+00
   2280.948   53.03570 -163.53944   2314.000     1.7507     1.7517     1.5916    34.6219    34.6233  1038.3365    27.7000  333.67926     0.0000     4.6662     0.0186      61411    42.6456         24 0.0000e+00
   2281.929   53.03570 -163.53944   2315.000     1.7505     1.7515     1.5913    34.6221    34.6235  1038.3412    27.7002  333.68096     0.0000     4.6679     0.0171      61434    42.6618         24 0.0000e+00
   2282.909   53.03570 -163.53944   2316.000     1.7503     1.7514     1.5910    34.6223    34.6236  1038.3459    27.7004  333.68216     0.0000     4.6679     0.0171      61457    42.6779         22 0.0000e+00
   2283.889   53.03570 -163.53944   2317.000     1.7501     1.7512     1.5907    34.6222    34.6235  1038.3503    27.7003  333.68380     0.0000     4.6679     0.0171      61481    42.6946         25 0.0000e+00
   2284.870   53.03570 -163.53944   2318.000     1.7497     1.7507     1.5903    34.6224    34.6237  1038.3550    27.7005  333.68655     0.0000     4.6679     0.0171      61507    42.7122         25 0.0000e+00
   2285.850   53.03570 -163.53944   2319.000     1.7496     1.7507     1.5901    34.6225    34.6237  1038.3595    27.7006  333.68708     0.0000     4.6679     0.0171      61533    42.7304         27 0.0000e+00
   2286.831   53.03570 -163.53944   2320.000     1.7497     1.7507     1.5900    34.6224    34.6237  1038.3640    27.7005  333.68713     0.0000     4.6679     0.0171      61559    42.7484         24 0.0000e+00
   2287.811   53.03571 -163.53944   2321.000     1.7493     1.7504     1.5896    34.6224    34.6236  1038.3685    27.7006  333.69020     0.0000     4.6679     0.0171      61583    42.7654         24 0.0000e+00
   2288.791   53.03572 -163.53944   2322.000     1.7490     1.7500     1.5892    34.6224    34.6238  1038.3731    27.7006  333.69288     0.0000     4.6679     0.0171      61607    42.7817         24 0.0000e+00
   2289.772   53.03572 -163.53944   2323.000     1.7488     1.7499     1.5889    34.6225    34.6239  1038.3777    27.7007  333.69390     0.0000     4.6679     0.0171      61630    42.7977         22 0.0000e+00
   2290.752   53.03572 -163.53944   2324.000     1.7480     1.7492     1.5881    34.6227    34.6238  1038.3824    27.7009  333.69998     0.0000     4.6678     0.0172      61652    42.8135         23 0.0000e+00
   2291.732   53.03572 -163.53944   2325.000     1.7478     1.7489     1.5878    34.6226    34.6239  1038.3869    27.7009  333.70173     0.0000     4.6680     0.0171      61675    42.8295         23 0.0000e+00
   2292.713   53.03572 -163.53944   2326.000     1.7476     1.7487     1.5875    34.6227    34.6240  1038.3914    27.7010  333.70336     0.0000     4.6679     0.0171      61698    42.8455         22 0.0000e+00
   2293.693   53.03572 -163.53944   2327.000     1.7474     1.7485     1.5872    34.6228    34.6241  1038.3960    27.7010  333.70495     0.0000     4.6679     0.0171      61722    42.8618         25 0.0000e+00
   2294.673   53.03572 -163.53946   2328.000     1.7471     1.7481     1.5868    34.6228    34.6241  1038.4006    27.7011  333.70768     0.0000     4.6679     0.0171      61746    42.8784         24 0.0000e+00
   2295.654   53.03572 -163.53946   2329.000     1.7465     1.7476     1.5862    34.6229    34.6242  1038.4052    27.7012  333.71198     0.0000     4.6678     0.0172      61771    42.8961         26 0.0000e+00
   2296.634   53.03572 -163.53945   2330.000     1.7456     1.7468     1.5852    34.6230    34.6242  1038.4099    27.7014  333.71935     0.0000     4.6672     0.0178      61799    42.9149         27 0.0000e+00
   2297.614   53.03572 -163.53944   2331.000     1.7451     1.7462     1.5846    34.6230    34.6243  1038.4144    27.7014  333.72394     0.0000     4.6677     0.0173      61826    42.9337         26 0.0000e+00
   2298.595   53.03572 -163.53945   2332.000     1.7448     1.7458     1.5842    34.6231    34.6244  1038.4190    27.7015  333.72624     0.0000     4.6674     0.0176      61850    42.9509         24 0.0000e+00
   2299.575   53.03572 -163.53946   2333.000     1.7443     1.7453     1.5836    34.6231    34.6243  1038.4236    27.7016  333.73032     0.0000     4.6674     0.0175      61873    42.9666         20 0.0000e+00
   2300.555   53.03572 -163.53946   2334.000     1.7440     1.7451     1.5833    34.6232    34.6244  1038.4282    27.7017  333.73244     0.0000     4.6679     0.0171      61894    42.9814         22 0.0000e+00
   2301.536   53.03572 -163.53946   2335.000     1.7436     1.7447     1.5828    34.6232    34.6245  1038.4327    27.7017  333.73555     0.0000     4.6672     0.0177      61916    42.9962         23 0.0000e+00
   2302.516   53.03572 -163.53946   2336.000     1.7433     1.7443     1.5824    34.6232    34.6245  1038.4373    27.7017  333.73820     0.0000     4.6671     0.0178      61938    43.0120         22 0.0000e+00
   2303.496   53.03572 -163.53946   2337.000     1.7430     1.7440     1.5820    34.6233    34.6245  1038.4419    27.7019  333.74107     0.0000     4.6671     0.0178      61963    43.0290         25 0.0000e+00
   2304.476   53.03572 -163.53946   2338.000     1.7428     1.7438     1.5818    34.6233    34.6246  1038.4464    27.7019  333.74216     0.0000     4.6672     0.0178      61989    43.0471         26 0.0000e+00
   2305.457   53.03572 -163.53946   2339.000     1.7429     1.7439     1.5817    34.6233    34.6246  1038.4508    27.7019  333.74156     0.0000     4.6671     0.0178      62015    43.0653         27 0.0000e+00
   2306.437   53.03572 -163.53946   2340.000     1.7426     1.7437     1.5813    34.6235    34.6247  1038.4555    27.7021  333.74376     0.0000     4.6672     0.0177      62040    43.0826         23 0.0000e+00
   2307.417   53.03572 -163.53946   2341.000     1.7422     1.7432     1.5809    34.6236    34.6249  1038.4602    27.7022  333.74683     0.0000     4.6674     0.0176      62064    43.0991         23 0.0000e+00
   2308.398   53.03572 -163.53946   2342.000     1.7420     1.7432     1.5806    34.6236    34.6248  1038.4647    27.7022  333.74802     0.0000     4.6675     0.0175      62087    43.1151         24 0.0000e+00
   2309.378   53.03572 -163.53946   2343.000     1.7418     1.7428     1.5803    34.6237    34.6249  1038.4692    27.7023  333.75006     0.0000     4.6670     0.0180      62110    43.1309         22 0.0000e+00
   2310.358   53.03572 -163.53947   2344.000     1.7415     1.7425     1.5799    34.6237    34.6250  1038.4738    27.7024  333.75237     0.0000     4.6672     0.0178      62132    43.1465         23 0.0000e+00
   2311.338   53.03572 -163.53948   2345.000     1.7413     1.7424     1.5797    34.6237    34.6250  1038.4783    27.7023  333.75388     0.0000     4.6672     0.0177      62155    43.1624         22 0.0000e+00
   2312.319   53.03572 -163.53948   2346.000     1.7413     1.7424     1.5795    34.6237    34.6250  1038.4828    27.7024  333.75410     0.0000     4.6671     0.0178      62179    43.1792         27 0.0000e+00
   2313.299   53.03572 -163.53948   2347.000     1.7410     1.7421     1.5792    34.6236    34.6250  1038.4873    27.7023  333.75653     0.0000     4.6673     0.0177      62205    43.1976         27 0.0000e+00
   2314.279   53.03572 -163.53948   2348.000     1.7410     1.7419     1.5790    34.6237    34.6251  1038.4918    27.7024  333.75690     0.0000     4.6673     0.0177      62232    43.2162         26 0.0000e+00
   2315.259   53.03572 -163.53948   2349.000     1.7410     1.7420     1.5790    34.6240    34.6252  1038.4965    27.7026  333.75601     0.0000     4.6674     0.0176      62258    43.2338         23 0.0000e+00
   2316.240   53.03572 -163.53948   2350.000     1.7409     1.7420     1.5788    34.6239    34.6252  1038.5010    27.7026  333.75654     0.0000     4.6671     0.0178      62281    43.2499         22 0.0000e+00
   2317.220   53.03572 -163.53948   2351.000     1.7404     1.7414     1.5782    34.6239    34.6253  1038.5055    27.7026  333.76123     0.0000     4.6673     0.0176      62303    43.2653         22 0.0000e+00
   2318.200   53.03572 -163.53948   2352.000     1.7400     1.7411     1.5778    34.6240    34.6253  1038.5101    27.7027  333.76358     0.0000     4.6673     0.0177      62325    43.2806         23 0.0000e+00
   2319.180   53.03572 -163.53948   2353.000     1.7399     1.7410     1.5776    34.6242    34.6253  1038.5148    27.7029  333.76454     0.0000     4.6674     0.0176      62348    43.2966         23 0.0000e+00
   2320.160   53.03572 -163.53948   2354.000     1.7396     1.7407     1.5772    34.6241    34.6254  1038.5192    27.7029  333.76702     0.0000     4.6674     0.0176      62372    43.3134         25 0.0000e+00
   2321.141   53.03572 -163.53948   2355.000     1.7389     1.7399     1.5764    34.6243    34.6256  1038.5239    27.7030  333.77266     0.0000     4.6673     0.0176      62397    43.3306         24 0.0000e+00
   2322.121   53.03573 -163.53948   2356.000     1.7382     1.7392     1.5756    34.6244    34.6257  1038.5286    27.7032  333.77832     0.0000     4.6671     0.0178      62422    43.3478         25 0.0000e+00
   2323.101   53.03574 -163.53948   2357.000     1.7378     1.7389     1.5751    34.6245    34.6257  1038.5332    27.7033  333.78155     0.0000     4.6672     0.0178      62446    43.3645         23 0.0000e+00
   2324.081   53.03574 -163.53948   2358.000     1.7373     1.7385     1.5746    34.6245    34.6257  1038.5378    27.7033  333.78523     0.0000     4.6672     0.0177      62470    43.3809         24 0.0000e+00
   2325.062   53.03574 -163.53948   2359.000     1.7371     1.7382     1.5743    34.6245    34.6258  1038.5423    27.7034  333.78677     0.0000     4.6674     0.0176      62493    43.3975         24 0.0000e+00
   2326.042   53.03574 -163.53948   2360.000     1.7370     1.7381     1.5742    34.6246    34.6259  1038.5468    27.7035  333.78736     0.0000     4.6673     0.0176      62517    43.4141         24 0.0000e+00
   2327.022   53.03574 -163.53949   2361.000     1.7368     1.7378     1.5738    34.6246    34.6261  1038.5514    27.7035  333.78943     0.0000     4.6672     0.0177      62541    43.4308         24 0.0000e+00
   2328.002   53.03574 -163.53950   2362.000     1.7367     1.7378     1.5737    34.6249    34.6259  1038.5561    27.7037  333.78951     0.0000     4.6674     0.0176      62565    43.4476         24 0.0000e+00
   2328.982   53.03574 -163.53950   2363.000     1.7366     1.7377     1.5735    34.6247    34.6260  1038.5604    27.7036  333.79087     0.0000     4.6672     0.0177      62590    43.4643         25 0.0000e+00
