CTD_examples/skq202409s_009avg.cnv
* Sea-Bird SBE 9 Data File:
* FileName = D:\CTD\SKQ202409S\SKQ202409S_009.hex
* Software Version Seasave V 7.26.7.121
* Temperature SN = 6042
* Conductivity SN = 0501
* Number of Bytes Per Scan = 41
* Number of Voltage Words = 4
* Number of Scans Averaged by the Deck Unit = 1
* NMEA Latitude = 53 02.13 N
* NMEA Longitude = 163 32.31 W
* NMEA UTC (Time) = Jun 28 2024  15:34:45
* NMEA baud rate = 4800
** Ship: R/V Sikuliaq
** Station Number: 9
** Station Name: MESH-AF10
** Bottom Depth [m]: 6000
** Operator: SR
# nquan = 19
# nvalues = 5757                        
# units = specified
# name 0 = depSM: Depth [salt water, m]
# name 1 = latitude: Latitude [deg]
# name 2 = longitude: Longitude [deg]
# name 3 = prDM: Pressure, Digiquartz [db]
# name 4 = t090C: Temperature [ITS-90, deg C]
# name 5 = t190C: Temperature, 2 [ITS-90, deg C]
# name 6 = potemp090C: Potential Temperature [ITS-90, deg C]
# name 7 = sal00: Salinity, Practical [PSU]
# name 8 = sal11: Salinity, Practical, 2 [PSU]
# name 9 = density00: Density [density, kg/m^3]
# name 10 = sigma-é00: Density [sigma-theta, kg/m^3]
# name 11 = oxsolMm/Kg: Oxygen Saturation, Garcia & Gordon [umol/kg]
# name 12 = v0: Voltage 0
# name 13 = v1: Voltage 1
# name 14 = CStarAt0: Beam Attenuation, WET Labs C-Star [1/m]
# name 15 = scan: Scan Count
# name 16 = timeM: Time, Elapsed [minutes]
# name 17 = nbin: number of scans per bin
# name 18 = flag: flag
# span 0 =      2.973,   5632.609       
# span 1 =   53.03554,   53.03826       
# span 2 = -163.54058, -163.53710       
# span 3 =      3.000,   5759.000       
# span 4 =     1.4753,     7.5119       
# span 5 =     1.4763,     7.5142       
# span 6 =     1.0718,     7.5107       
# span 7 =    32.2961,    34.6953       
# span 8 =    32.2945,    34.6953       
# span 9 =  1025.2342,  1053.3323       
# span 10 =    25.2202,    27.7957      
# span 11 =  295.86817,  335.83918      
# span 12 =     0.0000,     0.0000      
# span 13 =     4.5444,     4.6713      
# span 14 =     0.0142,     0.1244      
# span 15 =         79,     158389      
# span 16 =     0.0543,   109.9917      
# span 17 =         12,       3904      
# span 18 = 0.0000e+00, 0.0000e+00      
# interval = decibars: 1                
# start_time = Jun 28 2024 15:37:10 [NMEA time, first data scan]
# bad_flag = -9.990e-29
*END*
[from data line 2210]
   2181.905   53.03570 -163.53938   2213.000     1.7944     1.7955     1.6433    34.6136    34.6150  1037.8704    27.6896  333.33419     0.0000     4.6686     0.0165      58985    40.9611         20 0.0000e+00
   2182.886   53.03570 -163.53940   2214.000     1.7928     1.7938     1.6416    34.6140    34.6153  1037.8754    27.6899  333.34691     0.0000     4.6689     0.0163      59007    40.9765         25 0.0000e+00
   2183.867   53.03570 -163.53940   2215.000     1.7923     1.7933     1.6410    34.6140    34.6154  1037.8799    27.6900  333.35104     0.0000     4.6688     0.0164      59031    40.9934         25 0.0000e+00
   2184.848   53.03570 -163.53940   2216.000     1.7920     1.7930     1.6406    34.6141    34.6155  1037.8845    27.6901  333.35345     0.0000     4.6687     0.0164      59057    41.0114         26 0.0000e+00
   2185.829   53.03570 -163.53938   2217.000     1.7916     1.7927     1.6402    34.6142    34.6154  1037.8892    27.6902  333.35638     0.0000     4.6688     0.0164      59084    41.0298         25 0.0000e+00
   2186.809   53.03570 -163.53938   2218.000     1.7906     1.7917     1.6391    34.6143    34.6156  1037.8939    27.6904  333.36443     0.0000     4.6688     0.0163      59109    41.0470         24 0.0000e+00
   2187.790   53.03570 -163.53938   2219.000     1.7887     1.7898     1.6372    34.6146    34.6160  1037.8989    27.6907  333.37935     0.0000     4.6686     0.0165      59132    41.0632         22 0.0000e+00
   2188.771   53.03569 -163.53938   2220.000     1.7885     1.7895     1.6369    34.6146    34.6161  1037.9034    27.6908  333.38106     0.0000     4.6682     0.0168      59155    41.0789         24 0.0000e+00
   2189.752   53.03568 -163.53938   2221.000     1.7882     1.7893     1.6365    34.6148    34.6162  1037.9081    27.6910  333.38292     0.0000     4.6688     0.0163      59177    41.0946         21 0.0000e+00
   2190.733   53.03568 -163.53938   2222.000     1.7875     1.7885     1.6357    34.6148    34.6161  1037.9127    27.6911  333.38942     0.0000     4.6685     0.0166      59200    41.1105         24 0.0000e+00
   2191.713   53.03568 -163.53940   2223.000     1.7864     1.7874     1.6345    34.6151    34.6164  1037.9176    27.6914  333.39792     0.0000     4.6688     0.0163      59224    41.1268         24 0.0000e+00
   2192.694   53.03568 -163.53940   2224.000     1.7861     1.7872     1.6341    34.6151    34.6164  1037.9221    27.6914  333.40030     0.0000     4.6687     0.0164      59248    41.1436         24 0.0000e+00
   2193.675   53.03570 -163.53940   2225.000     1.7862     1.7872     1.6341    34.6151    34.6165  1037.9266    27.6914  333.39947     0.0000     4.6684     0.0167      59272    41.1606         25 0.0000e+00
   2194.656   53.03570 -163.53938   2226.000     1.7861     1.7871     1.6340    34.6151    34.6165  1037.9311    27.6914  333.40023     0.0000     4.6685     0.0166      59296    41.1774         24 0.0000e+00
   2195.637   53.03570 -163.53938   2227.000     1.7852     1.7863     1.6330    34.6153    34.6166  1037.9359    27.6916  333.40707     0.0000     4.6682     0.0168      59320    41.1939         23 0.0000e+00
   2196.617   53.03568 -163.53938   2228.000     1.7843     1.7852     1.6320    34.6155    34.6169  1037.9407    27.6919  333.41422     0.0000     4.6681     0.0169      59344    41.2103         25 0.0000e+00
   2197.598   53.03568 -163.53938   2229.000     1.7834     1.7845     1.6311    34.6157    34.6171  1037.9454    27.6921  333.42114     0.0000     4.6681     0.0169      59367    41.2266         23 0.0000e+00
   2198.579   53.03568 -163.53938   2230.000     1.7831     1.7841     1.6307    34.6158    34.6171  1037.9500    27.6922  333.42368     0.0000     4.6686     0.0165      59391    41.2430         23 0.0000e+00
   2199.560   53.03568 -163.53940   2231.000     1.7829     1.7840     1.6304    34.6157    34.6170  1037.9545    27.6922  333.42549     0.0000     4.6681     0.0169      59415    41.2597         25 0.0000e+00
   2200.541   53.03568 -163.53940   2232.000     1.7825     1.7836     1.6300    34.6158    34.6171  1037.9591    27.6923  333.42826     0.0000     4.6680     0.0170      59440    41.2770         24 0.0000e+00
   2201.521   53.03568 -163.53940   2233.000     1.7823     1.7833     1.6297    34.6158    34.6173  1037.9637    27.6923  333.43015     0.0000     4.6681     0.0169      59464    41.2941         25 0.0000e+00
   2202.502   53.03570 -163.53938   2234.000     1.7817     1.7827     1.6289    34.6159    34.6174  1037.9683    27.6924  333.43523     0.0000     4.6681     0.0170      59488    41.3105         24 0.0000e+00
   2203.483   53.03570 -163.53938   2235.000     1.7812     1.7822     1.6284    34.6160    34.6175  1037.9729    27.6925  333.43872     0.0000     4.6683     0.0167      59511    41.3261         22 0.0000e+00
   2204.463   53.03570 -163.53938   2236.000     1.7809     1.7819     1.6281    34.6162    34.6176  1037.9776    27.6927  333.44073     0.0000     4.6681     0.0170      59532    41.3412         22 0.0000e+00
   2205.444   53.03568 -163.53938   2237.000     1.7808     1.7818     1.6278    34.6161    34.6175  1037.9820    27.6927  333.44210     0.0000     4.6683     0.0168      59554    41.3562         22 0.0000e+00
   2206.425   53.03568 -163.53938   2238.000     1.7805     1.7815     1.6274    34.6163    34.6176  1037.9868    27.6929  333.44416     0.0000     4.6680     0.0170      59577    41.3719         22 0.0000e+00
   2207.406   53.03568 -163.53940   2239.000     1.7800     1.7811     1.6269    34.6163    34.6177  1037.9913    27.6929  333.44769     0.0000     4.6680     0.0170      59601    41.3891         26 0.0000e+00
   2208.386   53.03568 -163.53940   2240.000     1.7801     1.7811     1.6269    34.6163    34.6177  1037.9958    27.6929  333.44712     0.0000     4.6681     0.0169      59628    41.4077         28 0.0000e+00
   2209.367   53.03570 -163.53940   2241.000     1.7798     1.7807     1.6265    34.6163    34.6177  1038.0003    27.6930  333.45016     0.0000     4.6682     0.0169      59655    41.4264         25 0.0000e+00
   2210.348   53.03570 -163.53938   2242.000     1.7793     1.7803     1.6259    34.6165    34.6178  1038.0051    27.6932  333.45345     0.0000     4.6681     0.0169      59680    41.4439         25 0.0000e+00
   2211.329   53.03570 -163.53938   2243.000     1.7793     1.7803     1.6258    34.6164    34.6179  1038.0095    27.6931  333.45387     0.0000     4.6681     0.0169      59703    41.4598         22 0.0000e+00
   2212.309   53.03570 -163.53938   2244.000     1.7792     1.7801     1.6257    34.6165    34.6180  1038.0140    27.6932  333.45412     0.0000     4.6680     0.0170      59725    41.4750         21 0.0000e+00
   2213.290   53.03570 -163.53938   2245.000     1.7791     1.7801     1.6254    34.6167    34.6180  1038.0187    27.6933  333.45509     0.0000     4.6681     0.0170      59746    41.4898         21 0.0000e+00
   2214.271   53.03570 -163.53938   2246.000     1.7791     1.7801     1.6254    34.6165    34.6180  1038.0230    27.6932  333.45498     0.0000     4.6682     0.0169      59768    41.5048         22 0.0000e+00
   2215.251   53.03568 -163.53938   2247.000     1.7791     1.7802     1.6253    34.6165    34.6179  1038.0276    27.6932  333.45482     0.0000     4.6680     0.0170      59791    41.5206         24 0.0000e+00
   2216.232   53.03568 -163.53940   2248.000     1.7792     1.7802     1.6253    34.6166    34.6179  1038.0321    27.6933  333.45436     0.0000     4.6681     0.0169      59815    41.5373         25 0.0000e+00
   2217.213   53.03568 -163.53940   2249.000     1.7792     1.7803     1.6252    34.6167    34.6179  1038.0366    27.6933  333.45403     0.0000     4.6682     0.0169      59840    41.5548         25 0.0000e+00
   2218.194   53.03570 -163.53938   2250.000     1.7794     1.7805     1.6253    34.6166    34.6178  1038.0411    27.6933  333.45239     0.0000     4.6681     0.0169      59865    41.5720         25 0.0000e+00
   2219.174   53.03570 -163.53938   2251.000     1.7796     1.7806     1.6254    34.6165    34.6180  1038.0454    27.6932  333.45103     0.0000     4.6681     0.0170      59889    41.5888         23 0.0000e+00
   2220.155   53.03570 -163.53938   2252.000     1.7797     1.7807     1.6255    34.6166    34.6179  1038.0500    27.6932  333.45005     0.0000     4.6680     0.0170      59913    41.6054         24 0.0000e+00
   2221.136   53.03570 -163.53938   2253.000     1.7797     1.7806     1.6253    34.6166    34.6181  1038.0545    27.6933  333.45031     0.0000     4.6682     0.0169      59937    41.6223         25 0.0000e+00
   2222.116   53.03570 -163.53938   2254.000     1.7795     1.7805     1.6251    34.6166    34.6179  1038.0590    27.6933  333.45114     0.0000     4.6681     0.0169      59962    41.6394         26 0.0000e+00
   2223.097   53.03570 -163.53938   2255.000     1.7794     1.7804     1.6249    34.6166    34.6180  1038.0635    27.6933  333.45251     0.0000     4.6682     0.0169      59986    41.6564         23 0.0000e+00
   2224.078   53.03570 -163.53938   2256.000     1.7797     1.7806     1.6251    34.6166    34.6180  1038.0680    27.6933  333.45001     0.0000     4.6681     0.0169      60010    41.6728         22 0.0000e+00
   2225.058   53.03570 -163.53940   2257.000     1.7795     1.7805     1.6248    34.6167    34.6181  1038.0726    27.6934  333.45156     0.0000     4.6681     0.0169      60033    41.6886         23 0.0000e+00
   2226.039   53.03568 -163.53940   2258.000     1.7793     1.7803     1.6246    34.6167    34.6181  1038.0771    27.6934  333.45291     0.0000     4.6681     0.0169      60055    41.7043         22 0.0000e+00
   2227.019   53.03568 -163.53940   2259.000     1.7792     1.7803     1.6244    34.6167    34.6181  1038.0816    27.6935  333.45329     0.0000     4.6683     0.0168      60078    41.7203         25 0.0000e+00
   2228.000   53.03570 -163.53940   2260.000     1.7789     1.7801     1.6240    34.6168    34.6181  1038.0862    27.6935  333.45565     0.0000     4.6681     0.0169      60103    41.7373         25 0.0000e+00
   2228.981   53.03570 -163.53940   2261.000     1.7789     1.7799     1.6239    34.6169    34.6181  1038.0908    27.6936  333.45594     0.0000     4.6682     0.0168      60128    41.7551         24 0.0000e+00
   2229.961   53.03570 -163.53940   2262.000     1.7788     1.7798     1.6237    34.6169    34.6182  1038.0953    27.6936  333.45638     0.0000     4.6682     0.0169      60154    41.7729         26 0.0000e+00
   2230.942   53.03570 -163.53940   2263.000     1.7784     1.7795     1.6233    34.6169    34.6183  1038.0999    27.6937  333.45983     0.0000     4.6681     0.0170      60179    41.7902         23 0.0000e+00
   2231.923   53.03570 -163.53940   2264.000     1.7776     1.7786     1.6224    34.6171    34.6185  1038.1046    27.6938  333.46606     0.0000     4.6681     0.0169      60203    41.8070         25 0.0000e+00
   2232.903   53.03570 -163.53940   2265.000     1.7752     1.7762     1.6199    34.6176    34.6189  1038.1098    27.6944  333.48524     0.0000     4.6681     0.0170      60227    41.8233         21 0.0000e+00
   2233.884   53.03570 -163.53940   2266.000     1.7730     1.7742     1.6176    34.6181    34.6192  1038.1150    27.6950  333.50255     0.0000     4.6682     0.0168      60250    41.8392         23 0.0000e+00
   2234.865   53.03568 -163.53940   2267.000     1.7729     1.7740     1.6175    34.6179    34.6194  1038.1194    27.6949  333.50320     0.0000     4.6680     0.0170      60272    41.8551         23 0.0000e+00
   2235.845   53.03568 -163.53940   2268.000     1.7726     1.7737     1.6171    34.6180    34.6194  1038.1239    27.6950  333.50574     0.0000     4.6681     0.0169      60296    41.8712         23 0.0000e+00
   2236.826   53.03568 -163.53940   2269.000     1.7725     1.7736     1.6170    34.6180    34.6194  1038.1285    27.6950  333.50615     0.0000     4.6682     0.0169      60319    41.8877         26 0.0000e+00
   2237.806   53.03568 -163.53940   2270.000     1.7724     1.7735     1.6168    34.6181    34.6194  1038.1331    27.6951  333.50682     0.0000     4.6680     0.0170      60344    41.9049         25 0.0000e+00
   2238.787   53.03570 -163.53940   2271.000     1.7723     1.7733     1.6165    34.6182    34.6194  1038.1376    27.6952  333.50834     0.0000     4.6679     0.0171      60369    41.9224         24 0.0000e+00
   2239.768   53.03570 -163.53940   2272.000     1.7719     1.7729     1.6160    34.6182    34.6195  1038.1421    27.6952  333.51156     0.0000     4.6679     0.0171      60395    41.9399         26 0.0000e+00
   2240.748   53.03570 -163.53940   2273.000     1.7712     1.7722     1.6153    34.6183    34.6197  1038.1468    27.6954  333.51690     0.0000     4.6679     0.0171      60419    41.9571         24 0.0000e+00
   2241.729   53.03570 -163.53940   2274.000     1.7706     1.7716     1.6146    34.6185    34.6198  1038.1516    27.6956  333.52133     0.0000     4.6679     0.0171      60443    41.9739         24 0.0000e+00
   2242.709   53.03568 -163.53940   2275.000     1.7693     1.7704     1.6132    34.6188    34.6201  1038.1565    27.6959  333.53184     0.0000     4.6679     0.0171      60467    41.9903         24 0.0000e+00
   2243.690   53.03568 -163.53940   2276.000     1.7683     1.7693     1.6122    34.6189    34.6202  1038.1611    27.6961  333.53982     0.0000     4.6679     0.0171      60491    42.0067         22 0.0000e+00
   2244.670   53.03568 -163.53940   2277.000     1.7670     1.7681     1.6109    34.6192    34.6204  1038.1661    27.6964  333.54951     0.0000     4.6679     0.0171      60514    42.0231         24 0.0000e+00
   2245.651   53.03568 -163.53940   2278.000     1.7670     1.7680     1.6108    34.6192    34.6205  1038.1705    27.6964  333.54961     0.0000     4.6679     0.0171      60538    42.0396         23 0.0000e+00
   2246.631   53.03568 -163.53942   2279.000     1.7670     1.7680     1.6106    34.6192    34.6204  1038.1751    27.6965  333.54972     0.0000     4.6681     0.0170      60562    42.0560         24 0.0000e+00
   2247.612   53.03568 -163.53942   2280.000     1.7668     1.7677     1.6103    34.6192    34.6206  1038.1796    27.6965  333.55183     0.0000     4.6681     0.0170      60586    42.0728         23 0.0000e+00
   2248.593   53.03570 -163.53942   2281.000     1.7658     1.7668     1.6092    34.6194    34.6207  1038.1843    27.6967  333.55967     0.0000     4.6680     0.0170      60610    42.0898         25 0.0000e+00
   2249.573   53.03570 -163.53942   2282.000     1.7653     1.7663     1.6087    34.6195    34.6209  1038.1890    27.6968  333.56305     0.0000     4.6679     0.0171      60635    42.1071         26 0.0000e+00
   2250.554   53.03570 -163.53942   2283.000     1.7641     1.7652     1.6074    34.6197    34.6211  1038.1938    27.6971  333.57292     0.0000     4.6679     0.0171      60660    42.1241         23 0.0000e+00
   2251.534   53.03570 -163.53942   2284.000     1.7635     1.7645     1.6067    34.6199    34.6212  1038.1985    27.6973  333.57772     0.0000     4.6679     0.0171      60684    42.1407         24 0.0000e+00
   2252.515   53.03570 -163.53942   2285.000     1.7628     1.7639     1.6060    34.6200    34.6212  1038.2032    27.6975  333.58259     0.0000     4.6678     0.0171      60708    42.1574         24 0.0000e+00
   2253.495   53.03570 -163.53942   2286.000     1.7620     1.7630     1.6051    34.6202    34.6215  1038.2079    27.6976  333.58934     0.0000     4.6679     0.0171      60732    42.1742         24 0.0000e+00
   2254.476   53.03570 -163.53942   2287.000     1.7614     1.7625     1.6044    34.6203    34.6215  1038.2126    27.6977  333.59434     0.0000     4.6679     0.0171      60756    42.1912         26 0.0000e+00
